   60   24   49   19  -83   24   76  -33  -12   85  114   -5   -6   82  -87   89
  -87  -46  -14    0    3  -17  -54   23   31 -111   50   32  -90  -47   91  122
  -30  -44   44 -128   40  -40   27   -7  -60  -94 -100   42  101  -76  -58   -9
 -107   11  107   12   39   93  122 -121  -69   92  -40  106  -90  -61   46   70
 -106  -43 -102   86   66 -123 -128  -34 -101  -99 -105 -123  -22 -116  -33   88
   79  -19  -34   15  -59  -11 -117  -48   51  -46  -87 -123   94   98  -39  -95
  -21  -20 -119   43  -84   23   71    3   21   -1  101   69  104   97  -21  -76
  125   75  -25  -53   95 -104   88   25  104  109  111   15   15  -11 -116   69
  -30   97   45   -5  -39  -48   22  -75   36  -79   83  -45   53   37   61    5
   60  -92   -6 -100  -26  124
